# x   y
-11.553 -1.933
2.853 -4.855
1.729 -3.803
1.751 -2.693
-10.083 -1.275
1.436 -5.596
7.109 5.294
-10.212 -2.118
-10.751 -3.191
7.794 4.347
2.038 -5.270
-9.288 -0.725
8.739 3.143
0.561 -5.828
-8.806 -1.498
0.272 -2.174
0.507 -5.384
6.341 6.436
6.245 3.593
2.126 -2.633
-8.978 -0.232
-8.497 -3.981
-10.316 -1.898
3.152 -2.394
7.486 3.620
2.845 -4.404
-8.369 -0.770
2.209 -4.158
1.792 -2.238
9.094 4.733
2.137 -3.281
2.851 -2.859
-7.587 -1.837
-8.472 -2.767
7.332 5.188
7.096 2.936
-6.658 -3.478
-8.790 -1.449
9.238 4.269
9.312 4.042
-8.903 -1.777
8.408 4.900
8.164 4.821
-10.395 -2.753
6.923 4.060
-10.128 -2.261
2.994 -5.589
-7.175 -1.606
7.314 4.467
5.929 4.802
6.007 4.793
8.516 4.937
-9.415 -2.421
7.539 4.189
0.664 -3.627
1.542 -5.377
8.681 4.252
8.307 3.572
1.873 -4.319
7.484 5.301
-9.694 -2.510
6.862 4.760
-9.176 -2.588
-8.401 -2.490
0.277 -4.159
2.463 -4.696
8.896 4.364
0.443 -4.403
-10.137 -2.304
1.628 -3.084
-9.077 -2.621
7.682 4.584
-8.942 -1.948
8.261 4.658
0.634 -3.277
2.271 -4.728
-0.290 -3.682
-8.634 -3.537
-8.923 -3.828
8.848 3.447
-9.147 -0.222
-8.564 -1.639
2.006 -3.385
1.203 -2.405
3.196 -2.033
7.187 5.544
8.887 3.829
-9.919 -1.957
-8.705 -1.634
7.236 5.125
7.615 2.748
1.497 -2.942
-8.138 -1.922
3.483 -4.181
1.651 -3.841
-9.336 -3.163
8.356 1.795
2.552 -2.156
6.564 4.159
2.191 -3.888
